series_lp_learn = np.array([ 
    98 , 100, 105, 111, 120, 103, 119, 108, 110, 111, 104, 112, 103, 116, 112, 107, 100, 112, 108, 110, 120, 112, 114, 108, 97 , 107, 109, 100, 118, 112, 102, 101, 115, 109, 110, 102, 110, 113, 112, 105, 108, 117, 121, 116, 116, 106, 112, 113, 105, 110, 102, 106, 114, 113, 111, 105, 109, 109, 109, 113, 118, 111, 103, 110, 117, 94 , 101, 106, 109, 110, 112, 104, 95 , 119, 113, 106, 105, 100, 111, 106, 100, 114, 123, 108, 105, 107, 122, 108, 110, 108, 120, 118, 110, 110, 110, 114, 101, 109, 113, 113,
 ])

series_lp_learn_not = np.array([
    125, 134, 122, 120, 110, 127, 120, 114, 119, 120, 123, 123, 109, 119, 115, 115, 128, 128, 124, 117, 120, 123, 122, 132, 113, 125, 124, 121, 118, 127, 115, 120, 120, 123, 118, 110, 124, 129, 119, 124, 122, 118, 118, 128, 127, 126, 121, 130, 115, 121, 117, 120, 129, 122, 128, 109, 123, 123, 132, 114, 124, 116, 119, 126, 121, 124, 120, 119, 119, 130, 124, 109, 130, 126, 115, 124, 122, 116, 121, 120, 132, 124, 123, 114, 118, 126, 121, 126, 117, 127, 117, 119, 126, 119, 128, 116, 119, 132, 125, 113,

])

series_random = np.array([
    143, 144, 143, 142, 142, 142, 142, 142, 143, 144, 143, 143, 144, 142, 143, 142, 141, 145, 145, 143, 144, 143, 143, 142, 142, 143, 145, 143, 143, 142, 144, 143, 141, 143, 142, 142, 140, 141, 144, 144, 143, 143, 144, 141, 143, 139, 143, 145, 143, 142, 142, 144, 144, 143, 144, 144, 143, 143, 144, 144, 141, 143, 145, 144, 142, 142, 145, 141, 140, 143, 143, 142, 141, 143, 144, 143, 144, 142, 143, 142, 143, 142, 142, 142, 143, 142, 143, 142, 143, 142, 144, 144, 142, 143, 140, 142, 141, 142, 143, 142
])